637
-392
282
232
431
-576
195
725
-487
-251
144
-399
-649
-630
-446
811
-507
-883
-204
-904
587
501
536
-475
963
673
447
-685
942
223
928
-10
833
879
211
83
-127
-850
-313
-481
970
80
223
961
-529
-375
955
807
614
429
-965
-887
268
-814
826
-746
883
836
799
-100
593
-472
314
644
-545
-155
-381
-349
-443
-777
218
-296
-169
727
-649
477
-807
6
-228
396
381
-551
987
871
-734
302
416
-34
-332
-995
-398
-200
94
-161
-141
-184
224
-550
-944
794
-874
-840
288
-495
-374
878
286
798
391
-662
-663
-790
-633
261
458
502
-409
619
-851
488
30
-857
-833
24
-911
804
961
-172
731
-52
-70
-12
-961
-195
-213
379
171
-610
-80
304
-871
-811
188
-750
858
808
180
356
769
409
571
821
-386
251
-932
-64
-269
-974
-719
715
987
-728
-593
548
312
50
219
-541
-924
714
661
-164
-241
853
-904
-265
371
834
386
525
-28
938
166
996
-837
482
-540
-152
-782
847
641
-104
-636
-847
69
277
223
986
-256
-271
454
819
-352
-519
-914
627
839
806
-5
609
154
165
-540
851
-857
575
122
-789
-810
403
463
771
510
-363
-498
-472
-821
-22
81
-247
517
447
720
671
351
-734
133
660
561
-223
-431
-525
-309
684
749
340
-813
-718
-39
948
192
-121
126
-899
-983
-898
427
-70
-64
-868
238
-599
-987
680
718
-189
-739
-16
-211
-836
690
425
-397
686
-889
-717
-509
-104
287
276
-577
854
-443
-647
-214
-108
-819
111
-199
-511
179
-689
-263
224
-657
52
-262
574
270
-450
-935
966
186
-873
-752
104
-772
482
-875
920
972
-408
-843
-214
-133
522
274
86
-110
727
-786
156
-622
670
-953
-279
594
-867
-852
-208
-852
18
-422
-63
462
-147
-856
371
995
218
83
734
407
577
-191
685
-525
-699
922
813
606
-895
200
602
716
-596
497
153
-216
904
-582
486
-361
385
-671
612
-912
524
-874
-100
-452
646
262
-147
-573
419
283
84
-208
234
-175
-979
841
-980
-912
-255
-346
917
-554
656
988
-180
-933
388
854
197
-251
545
-301
-449
-80
-451
-570
178
488
942
386
-583
-27
-849
-556
967
230
531
-621
409
486
-173
95
-426
-834
-429
-710
173
851
942
270
603
-133
-710
243
-234
-389
-854
153
479
72
-671
618
-156
-909
397
-223
244
-950
-878
-546
762
-676
-439
438
-539
-273
-467
351
111
-639
-810
383
-190
971
-182
-381
460
144
423
365
898
-498
-385
-250
-446
-673
910
808
761
-462
-820
651
-631
284
735
-780
-428
-17
2
572
-957
705
-802
-157
925
645
-827
652
-598
-995
-864
-480
-226
-98
-166
-911
51
-408
349
974
965
657
-348
282
-906
-224
953
-219
386
87
172
940
998
454
-467
-760
776
-761
-388
-737
89
771
-435
805
432
603
-281
926
-463
-60
319
-764
-219
63
-139
-41
-424
683
-86
632
353
-718
-345
911
-627
-605
857
-959
850
618
628
785
821
931
-156
349
146
-727
-355
-398
-311
978
-479
309
268
-234
39
-5
518
-675
442
592
170
-851
-187
-968
266
419
162
243
-876
807
747
-769
73
819
620
893
738
-75
698
-204
-107
315
-55
133
301
414
-263
-602
1000
562
-602
-53
-382
-323
668
-688
707
-314
850
878
500
887
844
-280
-722
-863
813
548
208
845
-314
-843
-388
874
-208
511
-870
-51
16
-937
847
911
77
960
476
-204
419
731
632
307
144
725
-691
543
-157
-213
838
-575
-667
-737
624
167
-50
-612
-593
34
369
-254
-819
600
724
-727
471
-228
635
-823
-39
-777
658
416
-838
-854
383
531
-4
-193
878
-37
658
-579
28
791
198
-573
803
-337
899
-974
566
163
-599
-385
-194
607
-633
-373
652
-231
772
864
384
625
-163
716
-514
-586
909
-39
934
90
305
885
-370
-126
815
933
662
455
-667
-767
901
925
-246
684
-221
586
104
-243
-998
-991
-416
293
-859
-22
-934
320
979
-937
-854
-375
730
-940
364
-288
-629
-563
-321
-449
728
25
-984
653
-347
-266
886
683
808
531
-133
673
435
784
-205
-747
297
-214
-25
811
703
-664
-563
649
360
-553
-620
-798
638
-281
0
997
-792
-141
905
228
610
343
289
-185
857
752
-598
-881
435
699
-665
226
44
-320
14
-977
22
428
-417
696
-607
-364
21
399
-506
902
331
174
-395
416
608
843
-593
353
-251
-314
527
-908
-737
-78
-526
439
-389
-208
-255
510
551
-197
-988
-990
-688
495
-987
643
-807
-925
363
-17
-457
-278
408
-929
-280
-485
346
-573
735
-339
-623
-468
757
-534
-508
707
655
-677
750
266
-946
633
411
472
677
-239
211
-798
357
738
-928
246
763
-473
460
-939
495
798
-82
826
-776
172
-123
-777
-191
849
-548
6
698
282
-606
383
-365
218
-347
-980
709
697
591
-774
935
-76
-794
317
572
962
-690
-466
-355
425
-574
591
-660
763
-301
-687
492
-746
961
-63
-768
-591
-753
705
-766
-361
883
976
-770
-928
-741
-391
-209
774
932
-120
-406
534
-976
-584
-650
510
-763
642
713
221
-857
215
553
-255
-838
-938
46
-745
494
321
-189
385
-292
324
448
892
675
811
518
463
276
-273
325
597
-369
-647
775
-713
-603
-997
-953
-41
-453
-949
-991
537
204
473
-386
-610
-39
-240
-85
